Regions 145 matched previous 145 max percentage-point difference 2.4868995751603507e-14
Median changes visit_change,spend_change,per_visit_change
3.5059598291151906,7.511620661827134,4.126469366490215

Consumption mismatch 41
region,visit_change,spend_change,per_visit_change
함양군,16.645458516816603,-9.432401124634826,-22.356515181164827
인제군,38.32736760181725,8.3364909589829,-21.681086803563467
진도군,0.19205778658779593,-17.880013561745766,-18.037429061321042
제주시,-0.8859109462354908,-14.47247525306824,-13.708005023849534
울릉군,-20.175844516427578,-29.799833459561842,-12.056487018036599
홍천군,12.630419280547557,1.7038089446137938,-9.701295978235681
음성군,8.708239173213306,-0.857474634899158,-8.799437725111769
옥천군,15.588213779405692,6.052806090666807,-8.249463658065281
삼척시,-0.8533860043097752,-8.902128174937529,-8.118020219003775
순창군,3.3956865212343867,-4.066620232995255,-7.21723217408795
군위군,-6.207536317858143,-12.850036335092351,-7.0821255316901865
평택시,20.296377184044402,12.09680641090969,-6.816141071804682
광명시,15.550142732263051,9.535987178587458,-5.204801492639232
익산시,11.003190746476665,5.386837131318867,-5.059632590188468
계룡시,1.805577941387404,-3.2747208965998142,-4.990196942757008

SEASONALITY 2025
region,year,months,annual_visits,top3_visit_share,top3_spend_share,daily_rate_cv
울릉군,2025,12,1577980.0,39.455189546128594,44.9065116143992,0.4593693485604697
인제군,2025,12,9881182.0,37.55571954853175,35.94057602413548,0.34654249781597224
영월군,2025,12,7287029.0,35.360899483177576,33.8651886719382,0.2772601080673615
곡성군,2025,12,5494765.0,35.28149065519636,31.69450463740376,0.30604673919167724
태안군,2025,12,18089374.0,35.134256166078494,37.138202333901624,0.27382170444579335
합천군,2025,12,6944108.0,34.799516366968945,33.8353425954887,0.26182268178429735
구례군,2025,12,6485328.0,34.653991286177046,33.57713045997693,0.29022120005232666
양양군,2025,12,15541620.0,34.62790236796421,37.051679549640646,0.25820523984476157
순창군,2025,12,4986632.0,34.446295615958824,33.09514476625762,0.26313376417841644
단양군,2025,12,9427933.0,34.360214481795744,34.09457582105575,0.2617754637058429
임실군,2025,12,9183113.0,34.0367150006757,30.63286757417241,0.2579143041703344
청송군,2025,12,5006931.0,33.98590873331388,35.26491844650162,0.24051157330477563
무주군,2025,12,8380581.0,33.691160553188375,39.85256788022388,0.2152245396632134
옹진군,2025,12,6791758.0,33.59823774639791,34.33976653715109,0.2693826026212283
남해군,2025,12,9057444.0,33.33036340053552,36.08998657739533,0.21176779406185245

FESTIVALS comparable 56
FSTV_ID,out24,spend24,days24,FSTV_REPS_NM,SGG_NM,out25,spend25,days25,visits_change,spend_change,per_visit_change,daily_visits_change
KCTF0049,51671.0,489392600.1999999,5,영동난계국악축제,영동군,74001.0,294683456.8,30,43.21573029358827,-39.785878111035636,-57.95565070573806,-76.13071161773529
KCTF0072,72914.0,352081635.59999996,8,춘천마임축제,춘천시,84431.0,249547263.4,8,15.795320514578815,-29.122328980682568,-38.7905567303181,15.795320514578819
KCTF0018,132578.0,529621336.5999999,5,대구치맥페스티벌,달서구,136937.0,361778770.1,5,3.287875816500474,-31.691050737777225,-33.865471893739674,3.2878758165005024
KCTF0014,36355.0,473058692.9,6,김해분청도자기축제,김해시,48666.0,427354688.0,6,33.863292531976356,-9.661381470409081,-32.51427122337407,33.86329253197633
KCTF0042,58780.0,451931016.1,4,안성맞춤남사당바우덕이축제,안성시,58863.0,338848912.1,4,0.1412044913235766,-25.02198343806038,-25.12770647926863,0.14120449132357749
KCTF0055,33602.0,321925625.3000001,3,울산옹기축제,울주군,49809.0,413349597.7,3,48.23224808047139,28.39909756012824,-13.379781240028333,48.23224808047141
KCTF0076,40334.0,539304653.9,6,통영한산대첩축제,통영시,53730.0,628657215.3,7,33.21267417067486,16.56810501334336,-12.49473389897281,14.182292146292738
KCTF0078,147762.0,2250407835.4000006,10,평창효석문화제,평창군,153174.0,2058596441.8,10,3.662646688593818,-8.523405872602952,-11.755490478459507,3.6626466885938243
KCTF0046,82905.0,728575750.2,4,연천구석기축제,연천군,115768.0,905152350.0000004,4,39.639346239671916,24.235860135549192,-11.030906774430704,39.63934623967191
KCTF0013,80609.0,125245209.30000004,5,김제지평선축제,김제시,124614.0,172984410.29999998,5,54.59067846022157,38.11658846419439,-10.656586904278441,54.59067846022157
KCTF0039,45701.0,326656161.3000001,3,순창장류축제,순창군,54206.0,351798311.3000001,3,18.61009605916719,7.696824054976115,-9.200963802227358,18.61009605916722
KCTF0070,72485.0,297017864.59999996,5,청송사과축제,청송군,89785.0,334134540.9,5,23.86700696695867,12.49644574409212,-9.179652840000907,23.86700696695867
KCTF0061,93573.0,470305744.7999999,4,임실N치즈축제,임실군,127842.0,592633125.1000001,5,36.62274374018146,26.010182025741702,-7.767785526706961,9.29819499214517
KCTF0008,157684.0,2527052245.6000004,3,광주김치축제,서구,160917.0,2402421086.6000004,3,2.0503031379214054,-4.931878999217476,-6.84190239758763,2.0503031379214036
KCTF0052,82811.0,1184617133.0,9,영주풍기인삼축제,영주시,92043.0,1228377944.5999997,9,11.148277402760499,3.6940890335746657,-6.706526221881592,11.148277402760499
KCTF0066,14880.0,30657491.799999997,3,진도신비의바닷길축제,진도군,28269.0,54637433.5,4,89.97983870967742,78.21886361884309,-6.190643791843176,42.48487903225805
KCTF0060,109747.0,1077800867.1,3,인천펜타포트음악축제,연수구,113080.0,1052646573.1000004,3,3.036985065650999,-2.3338535686727835,-5.2125347329424425,3.0369850656509954
KCTF0027,51377.0,433934306.8,5,보성다향대축제,보성군,92331.0,742746341.2,5,79.71271191389143,71.1656187493678,-4.755975842498517,79.71271191389144
KCTF0005,273935.0,556574796.8000001,10,곡성세계장미축제,곡성군,292590.0,569038946.8000001,10,6.810009673827744,2.2394384495421082,-4.2791600134135965,6.81000967382775
KCTF0045,48959.0,325117128.0,3,여주오곡나루축제,여주시,59208.0,377733998.1,3,20.933842602994336,16.183973580130797,-3.9276590577350445,20.93384260299436
KCTF0038,182538.0,1704718829.6000004,3,수원화성문화제,수원시 팔달구,401752.0,3699474653.5,8,120.09225476339171,117.01377313747714,-1.3987232895697033,-17.465404463728092
KCTF0006,63787.0,835595399.9,3,관악강감찬축제,관악구,66009.0,857457156.2000002,3,3.4834684183297604,2.6163088382985977,-0.8379691880114559,3.483468418329764

Seconds 1.02
All audits passed; saved chart and sensitivity tables.
